7 0.427641 0.741118 0.057664 0.028289
7 0.106771 0.288158 0.030506 0.018421
7 0.523810 0.371382 0.037202 0.019079
7 0.207217 0.020066 0.012649 0.009868
7 0.523996 0.372039 0.037574 0.019079
5 0.517113 0.321053 0.105655 0.128947
5 0.422433 0.691447 0.129092 0.176316
5 0.112165 0.259211 0.091146 0.102632
5 0.033296 0.611184 0.065848 0.140789
4 0.491937 0.256017 0.16496 0.295819
4 0.416652 0.61783 0.175399 0.363072
4 0.0572688 0.489668 0.114538 0.401907
4 0.115919 0.227804 0.11435 0.190166
4 0.0533836 0.827208 0.106747 0.345584
