4 0.491937 0.256017 0.16496 0.295819
4 0.416652 0.61783 0.175399 0.363072
4 0.0572688 0.489668 0.114538 0.401907
4 0.115919 0.227804 0.11435 0.190166
5 0.518499 0.33454 0.105932 0.107916
5 0.107706 0.275276 0.0854425 0.0678187
5 0.034909 0.617549 0.0697745 0.100311
5 0.425018 0.724769 0.138435 0.119695
7 0.523256 0.371164 0.0346624 0.0143799
7 0.427295 0.740122 0.0539794 0.019047
5 0.212212 0.0204874 0.0353481 0.0328291
7 0.10601 0.288637 0.0289884 0.0108188
7 0.208721 0.0207244 0.0128744 0.00543184
7 0.015171 0.65344 0.0288699 0.0124148
4 0.0533836 0.827208 0.106747 0.345584
